179.47290000105374
179.47290000105374
179.47290000105374
179.47290000105374
179.47290000105374
179.47290000105374
179.47290000105374
179.47290000105374
179.47290000105374
179.47290000105374
179.47290000105374
179.47290000105374
179.47290000105374
179.47290000105374
179.47290000105374
179.47290000105374
179.47290000105374
179.47290000105374
179.47290000105374
179.47290000105374
179.47290000105374
179.47290000105374
179.47290000105374
179.47290000105374
179.47290000105374
179.47290000105374
179.47290000105374
179.47290000105374
179.47290000105374
179.47290000105374
179.47290000105374
179.47290000105374
179.47290000105374
179.47290000105374
179.47290000105374
179.47290000105374
179.47290000105374
179.47290000105374
179.47290000105374
179.47290000105374
179.47290000105374
179.47290000105374
179.47290000105374
179.47290000105374
179.47290000105374
179.47290000105374
179.47290000105374
179.47290000105374
179.47290000105374
179.47290000105374
179.47290000105374
179.47290000105374
179.47290000105374
179.47290000105374
179.47290000105374
179.47290000105374
179.47290000105374
179.47290000105374
179.47290000105374
179.47290000105374
179.47290000105374
179.47290000105374
179.47290000105374
179.47290000105374
179.47290000105374
179.47290000105374
179.47290000105374
179.47290000105374
179.47290000105374
179.47290000105374
179.47290000105374
179.47290000105374
179.47290000105374
179.47290000105374
179.47290000105374
179.47290000105374
179.47290000105374
179.47290000105374
179.47290000105374
179.47290000105374
179.47290000105374
179.47290000105374
179.47290000105374
179.47290000105374
179.47290000105374
179.47290000105374
179.47290000105374
179.47290000105374
179.47290000105374
179.47290000105374
179.47290000105374
179.47290000105374
179.47290000105374
179.47290000105374
179.47290000105374
179.47290000105374
